9.862717151641846 2800
5.7231738567352295 1110
4.004380226135254 1110
3.9165358543395996 1110
2.931579828262329 683
3.437664031982422 908
3.36923885345459 963
2.8698489665985107 926
2.8854589462280273 1041
2.6673121452331543 932
0.50118088722229 164
3.78413987159729 896
3.3386590480804443 884
3.429945945739746 1104
3.111442804336548 976
3.143566846847534 993
3.275536060333252 1054
2.9406869411468506 920
2.4459869861602783 671
0.5244548320770264 144
1.8516762256622314 568
1.0210700035095215 412
0.025221824645996094 11
4.681329965591431 1110
3.4470410346984863 1129
3.054126739501953 920
3.013090133666992 874
0.6028950214385986 170
2.4239389896392822 712
2.341840982437134 689
2.041926860809326 636
2.143507957458496 715
1.1266181468963623 417
0.6503169536590576 249
0.32080793380737305 128
0.34183597564697266 144
0.2966582775115967 137
0.20254015922546387 91
0.00032210350036621094 7
3.9516968727111816 1110
3.9420371055603027 1110
3.8957860469818115 1110
2.927046060562134 683
0.6676051616668701 194
3.5709829330444336 1210
4.355629920959473 1110
3.9307050704956055 1124
1.9920589923858643 400
7.974081039428711 1212
3.544292688369751 1220
3.608739137649536 802
2.3649561405181885 675
2.492658853530884 870
2.5776329040527344 971
2.2155771255493164 772
1.347494125366211 526
4.087632179260254 1110
3.9037718772888184 1110
2.6225521564483643 612
3.982393980026245 1110
3.859548330307007 1110
3.7262320518493652 1124
1.935647964477539 400
4.14017391204834 1110
4.203181028366089 1110
4.13612174987793 1110
3.2038471698760986 679
3.9005210399627686 1110
3.975825786590576 1110
4.158160209655762 1110
3.0554139614105225 679
4.0458691120147705 1136
3.7527122497558594 1137
3.464901924133301 1005
3.2886862754821777 1081
2.7747020721435547 944
0.5284628868103027 200
2.1405749320983887 1282
1.6141488552093506 833
3.8279459476470947 1110
2.732450008392334 678
3.391122817993164 988
3.2863478660583496 1058
3.065617084503174 1051
2.6035897731781006 699
2.465549945831299 705
2.0015311241149902 624
2.207223892211914 707
1.1285629272460938 388
0.21701288223266602 83
1.0486648082733154 528
0.5027852058410645 239
0.05919218063354492 35
0.12686514854431152 69
0.044998884201049805 27
0.036991119384765625 21
0.023799896240234375 14
0.019908905029296875 13
0.002783060073852539 5
1.2874603271484375e-05 1
3.949193239212036 1110
3.8009889125823975 1110
2.895278215408325 683
3.7152838706970215 1224
3.6561279296875 1161
3.083540201187134 850
0.6266071796417236 159
2.5492098331451416 773
0.48493075370788574 164
2.067473888397217 881
1.9950578212738037 936
0.9646828174591064 398
0.7444829940795898 306
0.1956038475036621 80
3.7882139682769775 1110
3.7348639965057373 1110
3.93983793258667 1110
2.841736316680908 679
3.628453254699707 940
3.771450996398926 1110
3.343682050704956 1129
2.9853320121765137 920
2.8088579177856445 1099
2.6718411445617676 829
2.4143662452697754 650
2.617602825164795 821
1.6333210468292236 537
1.336026906967163 442
0.33001232147216797 100
0.6801619529724121 266
0.5911898612976074 262
3.8201379776000977 1110
2.729860305786133 678
3.2958180904388428 1094
3.650973081588745 1512
3.2151942253112793 1104
0.4599878787994385 166
1.8538398742675781 590
3.9144179821014404 1110
4.002096891403198 1110
3.0114541053771973 683
3.6482911109924316 964
3.1986260414123535 917
3.036284923553467 818
1.7873120307922363 441
0.9866080284118652 258
1.4607617855072021 520
1.5360560417175293 297
0.6432459354400635 253
0.5421380996704102 213
0.34102606773376465 135
0.2947876453399658 104
0.18521690368652344 83
0.1313178539276123 56
3.979595899581909 1110
4.044806718826294 1110
3.8168141841888428 1110
3.9656918048858643 1110
3.022327184677124 683
3.8905391693115234 1110
4.856429100036621 1110
3.6847198009490967 990
3.7383880615234375 1110
3.756114959716797 1110
3.969586133956909 1110
4.195210933685303 1110
4.016046047210693 1110
4.076607942581177 1110
3.872058868408203 1110
4.1840362548828125 1124
3.627346992492676 954
3.7991831302642822 1074
3.1023590564727783 882
3.5999529361724854 954
3.7703943252563477 1290
3.7328460216522217 954
3.836034059524536 1290
3.9606571197509766 1110
5.238367319107056 2800
4.679126024246216 2800
4.603102922439575 2799
3.882199764251709 2539
2.4217050075531006 1512
1.7318439483642578 1140
5.351545095443726 2800
4.7782018184661865 2800
4.741005182266235 2800
4.429256916046143 2774
3.636414051055908 2438
4.193659782409668 2773
3.7636141777038574 2705
2.2271370887756348 1526
1.6985349655151367 1295
1.1297581195831299 817
5.370800971984863 2800
4.821673154830933 2799
3.9696431159973145 1110
3.573927164077759 1129
5.639976263046265 2800
5.6723809242248535 2800
3.9158380031585693 1186
3.4969139099121094 1032
2.998100996017456 994
3.6633689403533936 1259
3.5488059520721436 1304
2.984869956970215 864
3.749412775039673 990
2.025758981704712 396
3.220224142074585 1014
3.2459850311279297 1206
3.1102421283721924 1120
1.761120080947876 616
1.825303077697754 784
1.561680793762207 651
0.8045711517333984 305
0.4304630756378174 168
0.32143688201904297 131
0.2223498821258545 91
0.09995698928833008 46
0.019422054290771484 9
3.7411630153656006 990
2.029296875 396
3.277402877807617 1014
3.2490570545196533 1206
2.4928581714630127 800
2.8311350345611572 1013
2.833346128463745 1282
2.420429229736328 1112
2.171015977859497 1047
1.848635196685791 1063
0.004667997360229492 13
3.725421905517578 990
2.9286270141601562 690
3.610002040863037 1070
3.2642507553100586 1035
0.6035599708557129 174
3.0569207668304443 1189
2.735745906829834 1214
1.5670442581176758 729
1.1993160247802734 446
0.691011905670166 267
0.6966619491577148 283
0.17769122123718262 63
0.2190258502960205 78
0.04519224166870117 16
3.8562519550323486 1110
2.8427369594573975 679
3.53041934967041 940
0.6836972236633301 160
3.3063719272613525 1061
2.7264208793640137 968
2.43001389503479 922
1.3720958232879639 487
0.6794102191925049 257
0.46602487564086914 177
3.752155065536499 1110
2.8147482872009277 679
3.6777141094207764 1136
3.6171720027923584 1203
3.279345750808716 1041
0.5375170707702637 183
2.7859368324279785 1181
2.792325258255005 1173
2.0552730560302734 1055
2.024930000305176 890
1.7854230403900146 715
0.9399471282958984 416
0.0005960464477539062 11
3.6882739067077637 896
3.5381250381469727 958
3.6658270359039307 1180
3.032017230987549 813
3.020902156829834 882
2.8356237411499023 999
1.613257884979248 378
3.977444887161255 1110
2.9244542121887207 679
3.891191005706787 1136
3.612684965133667 994
3.04692006111145 865
2.66253399848938 762
2.61561918258667 969
2.190627098083496 856
2.115319013595581 1288
1.5720360279083252 815
3.7952308654785156 986
3.6310629844665527 914
0.7322492599487305 210
3.4877800941467285 1166
1.7170419692993164 582
3.7084178924560547 896
3.6200549602508545 958
3.778029203414917 1180
2.7873940467834473 875
3.6042637825012207 896
3.5181403160095215 958
3.7168190479278564 1180
2.755849838256836 875
6.0118408203125 2800
5.558665037155151 2800
5.216404914855957 2758
3.332421064376831 1903
